1.416418e+003
1.416262e+003
1.416284e+003
1.416446e+003
1.416428e+003
1.416573e+003
1.416762e+003
1.416512e+003
1.416539e+003
1.416528e+003
1.416491e+003
1.416509e+003
1.416604e+003
1.416723e+003
1.416755e+003
1.416714e+003
1.416794e+003
1.416726e+003
1.416748e+003
1.416726e+003
1.417054e+003
1.417189e+003
1.417048e+003
1.417162e+003
1.417065e+003
1.416922e+003
1.416844e+003
1.416959e+003
1.417158e+003
1.417006e+003
1.416804e+003
1.416586e+003
1.416692e+003
1.416574e+003
1.416530e+003
1.416397e+003
1.416535e+003
1.416755e+003
1.416770e+003
1.416881e+003
1.416873e+003
1.416613e+003
1.416794e+003
1.416716e+003
1.416720e+003
1.416697e+003
1.416732e+003
1.416997e+003
1.417058e+003
1.416944e+003
1.416982e+003
1.416953e+003
1.416851e+003
1.416677e+003
1.416723e+003
1.416545e+003
1.416513e+003
1.416427e+003
1.416384e+003
1.416383e+003
1.416533e+003
1.416571e+003
1.416535e+003
1.416384e+003
1.416286e+003
1.416237e+003
1.416150e+003
1.416010e+003
1.416037e+003
1.416220e+003
1.416259e+003
1.416297e+003
1.416244e+003
1.416417e+003
1.416295e+003
1.416268e+003
1.416400e+003
1.416427e+003
1.416442e+003
1.416416e+003
1.416471e+003
1.416592e+003
1.416540e+003
1.416595e+003
1.416705e+003
1.416594e+003
1.416658e+003
1.416576e+003
1.416718e+003
1.416712e+003
1.416906e+003
1.416938e+003
1.416832e+003
1.416796e+003
1.416886e+003
1.417070e+003
1.417062e+003
1.417024e+003
1.416986e+003
1.416879e+003
1.416600e+003
1.416604e+003
1.416708e+003
1.416692e+003
1.416710e+003
1.416677e+003
1.416711e+003
1.416634e+003
1.416622e+003
1.416889e+003
1.416898e+003
1.417060e+003
1.416930e+003
1.416761e+003
1.416559e+003
1.416494e+003
1.416456e+003
1.416413e+003
1.416422e+003
1.416337e+003
1.416405e+003
1.416267e+003
1.416360e+003
1.416436e+003
1.416557e+003
1.416591e+003
1.416636e+003
1.416839e+003
1.416639e+003
1.416433e+003
1.416385e+003
1.416248e+003
1.416247e+003
1.416165e+003
1.416352e+003
1.416231e+003
1.416257e+003
1.416495e+003
1.416654e+003
1.416669e+003
1.416615e+003
1.416796e+003
1.416870e+003
1.416600e+003
1.416551e+003
1.416511e+003
1.416707e+003
1.416696e+003
1.416680e+003
1.416549e+003
1.416600e+003
1.416603e+003
1.416760e+003
1.416599e+003
1.416636e+003
1.416870e+003
1.416655e+003
1.416521e+003
1.416537e+003
1.416480e+003
1.416588e+003
1.416656e+003
1.416572e+003
1.416633e+003
1.416584e+003
1.416599e+003
1.416560e+003
1.416582e+003
1.416426e+003
1.416533e+003
1.416619e+003
1.416536e+003
1.416767e+003
1.416603e+003
1.416623e+003
1.416774e+003
1.416766e+003
1.416742e+003
1.416593e+003
1.416686e+003
1.416590e+003
1.416659e+003
1.416734e+003
1.416657e+003
1.416602e+003
1.416541e+003
1.416650e+003
1.416569e+003
1.416601e+003
1.416728e+003
1.416532e+003
1.416409e+003
1.416437e+003
1.416127e+003
1.415864e+003
1.416134e+003
1.416384e+003
1.416342e+003
1.416325e+003
1.416284e+003
1.416241e+003
1.416416e+003
1.416472e+003
1.416606e+003
1.416629e+003
1.416708e+003
1.416810e+003
1.416658e+003
1.416783e+003
1.416724e+003
1.416464e+003
1.416429e+003
1.416359e+003
1.416480e+003
1.416585e+003
1.416450e+003
1.416269e+003
1.416220e+003
1.416093e+003
1.416352e+003
1.416473e+003
1.416530e+003
1.416393e+003
1.416427e+003
1.416591e+003
1.416484e+003
1.416404e+003
1.416429e+003
1.416537e+003
1.416763e+003
1.416788e+003
1.416542e+003
1.416480e+003
1.416287e+003
1.416288e+003
1.416257e+003
1.416224e+003
1.416124e+003
1.416305e+003
1.416282e+003
1.416061e+003
1.416075e+003
1.416143e+003
1.416325e+003
1.416387e+003
1.416319e+003
1.416388e+003
1.416563e+003
1.416664e+003
1.416638e+003
1.416697e+003
1.416993e+003
1.416880e+003
1.416879e+003
1.416866e+003
1.416890e+003
1.417008e+003
1.417339e+003
1.417413e+003
1.417480e+003
1.417290e+003
1.417035e+003
1.417009e+003
1.416927e+003
1.416791e+003
1.416762e+003
1.416738e+003
1.416707e+003
1.416650e+003
1.416496e+003
1.416435e+003
1.416562e+003
1.416650e+003
1.416981e+003
1.416924e+003
1.416861e+003
1.416598e+003
1.416701e+003
1.416564e+003
1.416392e+003
1.416386e+003
1.416160e+003
1.416042e+003
1.415778e+003
1.415649e+003
1.415675e+003
1.415691e+003
1.415605e+003
1.415879e+003
1.416356e+003
1.416336e+003
1.416413e+003
1.416427e+003
1.416578e+003
1.416877e+003
1.416771e+003
1.416746e+003
1.416699e+003
1.416577e+003
1.416530e+003
1.416363e+003
1.416337e+003
1.416310e+003
1.416366e+003
1.416374e+003
1.416323e+003
1.416273e+003
1.416263e+003
1.416385e+003
1.416329e+003
1.416121e+003
1.416184e+003
1.416190e+003
1.416159e+003
1.416209e+003
1.416341e+003
1.416269e+003
1.416077e+003
1.415946e+003
1.415917e+003
1.415966e+003
1.416216e+003
1.416299e+003
1.415906e+003
1.415648e+003
1.415585e+003
1.415542e+003
1.415533e+003
1.415488e+003
1.415421e+003
1.415321e+003
1.415323e+003
1.415548e+003
1.415776e+003
1.415848e+003
1.415829e+003
1.415943e+003
1.415849e+003
1.415928e+003
1.416183e+003
1.416244e+003
1.416132e+003
1.415986e+003
1.416153e+003
1.416187e+003
1.416320e+003
1.416608e+003
1.416844e+003
1.416743e+003
1.416949e+003
1.416987e+003
1.417027e+003
1.417059e+003
1.417019e+003
1.416915e+003
1.416883e+003
1.416872e+003
1.416872e+003
1.416702e+003
1.416660e+003
1.416672e+003
1.416546e+003
1.416664e+003
1.416744e+003
1.416860e+003
1.417033e+003
1.417084e+003
1.416982e+003
1.416933e+003
1.416826e+003
1.416831e+003
1.416754e+003
1.416881e+003
1.416728e+003
1.416749e+003
1.416613e+003
1.416549e+003
1.416619e+003
1.416550e+003
1.416630e+003
1.416608e+003
1.416364e+003
1.416397e+003
1.416385e+003
1.416286e+003
1.416320e+003
1.416180e+003
1.416255e+003
1.416170e+003
1.416069e+003
1.416124e+003
1.416144e+003
1.416203e+003
1.416327e+003
1.416337e+003
1.416454e+003
1.416498e+003
1.416456e+003
1.416682e+003
1.416528e+003
1.416578e+003
1.416629e+003
1.416728e+003
1.416661e+003
1.416881e+003
1.416934e+003
1.416925e+003
1.416803e+003
1.416688e+003
1.416732e+003
1.416641e+003
1.416671e+003
1.416739e+003
1.416753e+003
1.416907e+003
1.416948e+003
1.416938e+003
1.416808e+003
1.417015e+003
1.417274e+003
1.417319e+003
1.417245e+003
1.417170e+003
1.416917e+003
1.416726e+003
1.416679e+003
1.416629e+003
1.416639e+003
1.416762e+003
1.416841e+003
1.416748e+003
1.416688e+003
1.416752e+003
1.416896e+003
1.417038e+003
1.416876e+003
1.416948e+003
1.416610e+003
1.416501e+003
1.416389e+003
1.416626e+003
1.416595e+003
1.416649e+003
1.416637e+003
1.416780e+003
1.416847e+003
1.416841e+003
1.416836e+003
1.416886e+003
1.416842e+003
1.416781e+003
1.416757e+003
1.416703e+003
1.416555e+003
1.416619e+003
1.416639e+003
1.416641e+003
1.416512e+003
1.416462e+003
1.416464e+003
1.416866e+003
1.416930e+003
1.416945e+003
1.416760e+003
1.416677e+003
1.416643e+003
1.416644e+003
1.416636e+003
1.416687e+003
1.416740e+003
1.416849e+003
1.417120e+003
1.417128e+003
1.417127e+003
1.417227e+003
1.417179e+003
1.416946e+003
1.416803e+003
1.416832e+003
1.416907e+003
1.416873e+003
1.416793e+003
1.416613e+003
1.416602e+003
1.416764e+003
1.416911e+003
1.416997e+003
1.417073e+003
1.416907e+003
1.416826e+003
1.417041e+003
1.417044e+003
1.417055e+003
1.417132e+003
1.417015e+003
1.416833e+003
1.416784e+003
1.416656e+003
1.416603e+003
1.416443e+003
1.416604e+003
1.416525e+003
1.416642e+003
1.416786e+003
1.416930e+003
1.416906e+003
1.416821e+003
1.416729e+003
1.416527e+003
1.416498e+003
1.416418e+003
1.416441e+003
1.416414e+003
1.416423e+003
1.416335e+003
1.416375e+003
1.416589e+003
1.416622e+003
1.416738e+003
1.416796e+003
1.416986e+003
1.416645e+003
1.416790e+003
1.416609e+003
1.416492e+003
1.416465e+003
1.416165e+003
1.416246e+003
1.416540e+003
1.416737e+003
1.416929e+003
1.417048e+003
1.417014e+003
1.416824e+003
1.416910e+003
1.416733e+003
1.416813e+003
1.416885e+003
1.416868e+003
1.416962e+003
1.416934e+003
1.417083e+003
1.417110e+003
1.416954e+003
1.416862e+003
1.416932e+003
1.416856e+003
1.416912e+003
1.416943e+003
1.416779e+003
1.416715e+003
1.416707e+003
1.416821e+003
1.416722e+003
1.416654e+003
1.416732e+003
1.416634e+003
1.416711e+003
1.416767e+003
1.416612e+003
1.416616e+003
1.416646e+003
1.416738e+003
1.416854e+003
1.416790e+003
1.416768e+003
1.416727e+003
1.416681e+003
1.416680e+003
1.416864e+003
1.416958e+003
1.416841e+003
1.416717e+003
1.416766e+003
1.416701e+003
1.416679e+003
1.416810e+003
1.416734e+003
1.416747e+003
1.416577e+003
1.416565e+003
1.416652e+003
1.416730e+003
1.416775e+003
1.417014e+003
1.417171e+003
1.416996e+003
1.416712e+003
1.416621e+003
1.416684e+003
1.416702e+003
1.416741e+003
1.416698e+003
1.416779e+003
1.416669e+003
1.416653e+003
1.416607e+003
1.416752e+003
1.416990e+003
1.417026e+003
