1.499526e+003
1.499434e+003
1.499481e+003
1.499414e+003
1.499549e+003
1.499649e+003
1.499601e+003
1.499627e+003
1.499892e+003
1.499629e+003
1.499637e+003
1.499667e+003
1.499722e+003
1.499754e+003
1.500148e+003
1.500041e+003
1.500148e+003
1.500124e+003
1.500068e+003
1.500170e+003
1.500176e+003
1.500066e+003
1.500047e+003
1.500198e+003
1.500291e+003
1.500066e+003
1.500030e+003
1.500310e+003
1.500227e+003
1.500200e+003
1.500111e+003
1.500316e+003
1.500101e+003
1.500186e+003
1.500364e+003
1.500152e+003
1.500139e+003
1.500094e+003
1.500166e+003
1.500392e+003
1.500474e+003
1.500363e+003
1.500254e+003
1.500152e+003
1.500013e+003
1.500097e+003
1.499970e+003
1.499908e+003
1.499949e+003
1.500023e+003
1.499947e+003
1.500171e+003
1.500537e+003
1.500616e+003
1.500602e+003
1.500584e+003
1.500650e+003
1.500707e+003
1.500583e+003
1.500500e+003
1.500333e+003
1.500272e+003
1.500244e+003
1.500168e+003
1.500177e+003
1.500292e+003
1.500342e+003
1.500362e+003
1.500356e+003
1.500562e+003
1.500750e+003
1.500810e+003
1.500781e+003
1.500789e+003
1.500749e+003
1.500582e+003
1.500551e+003
1.500498e+003
1.500481e+003
1.500511e+003
1.500500e+003
1.500628e+003
1.500614e+003
1.500772e+003
1.500733e+003
1.500752e+003
1.500615e+003
1.500608e+003
1.500470e+003
1.500379e+003
1.500267e+003
1.500238e+003
1.500170e+003
1.500121e+003
1.500106e+003
1.500201e+003
1.500241e+003
1.500134e+003
1.500145e+003
1.500059e+003
1.499952e+003
1.500047e+003
1.500094e+003
1.500167e+003
1.500130e+003
1.500392e+003
1.500361e+003
1.500513e+003
1.500584e+003
1.500464e+003
1.500572e+003
1.500546e+003
1.500356e+003
1.500248e+003
1.500136e+003
1.500163e+003
1.500182e+003
1.500430e+003
1.500510e+003
1.500446e+003
1.500326e+003
1.500427e+003
1.500293e+003
1.500458e+003
1.500435e+003
1.500476e+003
1.500436e+003
1.500323e+003
1.500292e+003
1.500181e+003
1.500041e+003
1.500036e+003
1.499927e+003
1.499758e+003
1.499802e+003
1.499948e+003
1.500056e+003
1.500025e+003
1.499878e+003
1.499848e+003
1.499846e+003
1.500027e+003
1.499978e+003
1.499976e+003
1.499917e+003
1.500024e+003
1.500083e+003
1.499848e+003
1.499941e+003
1.500009e+003
1.500237e+003
1.500122e+003
1.500186e+003
1.500322e+003
1.500300e+003
1.500324e+003
1.500376e+003
1.500353e+003
1.500358e+003
1.500424e+003
1.500439e+003
1.500308e+003
1.500393e+003
1.500467e+003
1.500376e+003
1.500409e+003
1.500475e+003
1.500438e+003
1.500426e+003
1.500509e+003
1.500644e+003
1.500536e+003
1.500486e+003
1.500440e+003
1.500561e+003
1.500637e+003
1.500563e+003
1.500499e+003
1.500443e+003
1.500491e+003
1.500712e+003
1.500466e+003
1.500499e+003
1.500693e+003
1.500695e+003
1.500666e+003
1.500556e+003
1.500610e+003
1.500326e+003
1.500316e+003
1.500439e+003
1.500254e+003
1.500420e+003
1.500550e+003
1.500752e+003
1.500596e+003
1.500423e+003
1.500172e+003
1.499965e+003
1.500117e+003
1.500152e+003
1.500156e+003
1.500109e+003
1.500153e+003
1.500179e+003
1.500018e+003
1.500176e+003
1.500240e+003
1.500257e+003
1.500234e+003
1.500206e+003
1.500310e+003
1.500231e+003
1.500134e+003
1.500131e+003
1.500194e+003
1.500241e+003
1.500580e+003
1.500559e+003
1.500433e+003
1.500349e+003
1.500473e+003
1.500314e+003
1.500271e+003
1.500452e+003
1.500469e+003
1.500345e+003
1.500129e+003
1.499988e+003
1.500007e+003
1.500087e+003
1.500173e+003
1.500110e+003
1.500050e+003
1.500145e+003
1.500329e+003
1.500351e+003
1.500408e+003
1.500273e+003
1.500147e+003
1.500055e+003
1.499992e+003
1.499996e+003
1.500043e+003
1.500360e+003
1.500223e+003
1.500118e+003
1.500114e+003
1.500031e+003
1.500071e+003
1.500208e+003
1.500265e+003
1.500039e+003
1.500122e+003
1.500289e+003
1.500375e+003
1.500493e+003
1.500512e+003
1.500530e+003
1.500568e+003
1.500950e+003
1.500814e+003
1.500695e+003
1.500546e+003
1.500651e+003
1.500627e+003
1.500494e+003
1.500625e+003
1.500621e+003
1.500772e+003
1.500591e+003
1.500510e+003
1.500411e+003
1.500434e+003
1.500359e+003
1.500527e+003
1.500477e+003
1.500550e+003
1.500433e+003
1.500508e+003
1.500488e+003
1.500410e+003
1.500311e+003
1.500312e+003
1.500339e+003
1.500230e+003
1.500124e+003
1.500382e+003
1.500514e+003
1.500589e+003
1.500663e+003
1.500590e+003
1.500497e+003
1.500348e+003
1.500234e+003
1.500186e+003
1.500124e+003
1.500042e+003
1.500047e+003
1.500101e+003
1.500276e+003
1.500536e+003
1.500403e+003
1.500545e+003
1.500588e+003
1.500751e+003
1.500497e+003
1.500454e+003
1.500377e+003
1.500442e+003
1.500501e+003
1.500340e+003
1.500397e+003
1.500396e+003
1.500480e+003
1.500522e+003
1.500596e+003
1.500656e+003
1.500711e+003
1.500604e+003
1.500494e+003
1.500493e+003
1.500573e+003
1.500863e+003
1.500968e+003
1.500669e+003
1.500378e+003
1.500020e+003
1.500036e+003
1.500005e+003
1.500146e+003
1.500342e+003
1.500477e+003
1.500551e+003
1.500430e+003
1.500366e+003
1.500251e+003
1.500186e+003
1.500373e+003
1.500445e+003
1.500230e+003
1.500182e+003
1.500189e+003
1.500029e+003
1.500065e+003
1.500702e+003
1.500664e+003
1.500625e+003
1.500654e+003
1.500499e+003
1.500495e+003
1.500572e+003
1.500478e+003
1.500634e+003
1.500634e+003
1.500749e+003
1.500692e+003
1.500756e+003
1.500795e+003
1.500779e+003
1.500774e+003
1.500645e+003
1.500651e+003
1.500546e+003
1.500498e+003
1.500667e+003
1.500638e+003
1.500674e+003
1.500602e+003
1.500489e+003
1.500528e+003
1.500540e+003
1.500521e+003
1.500548e+003
1.500521e+003
1.500414e+003
1.500416e+003
1.500427e+003
1.500546e+003
1.500451e+003
1.500370e+003
1.500357e+003
1.500334e+003
1.500471e+003
1.500184e+003
1.500328e+003
1.500549e+003
1.500546e+003
1.500540e+003
1.500521e+003
1.500536e+003
1.500631e+003
1.500731e+003
1.500848e+003
1.500813e+003
1.500668e+003
1.500996e+003
1.500990e+003
1.501098e+003
1.500893e+003
1.500681e+003
1.500880e+003
1.500687e+003
1.500790e+003
1.500982e+003
1.500871e+003
1.501151e+003
1.501247e+003
1.501000e+003
1.500817e+003
1.500682e+003
1.500621e+003
1.500591e+003
1.500620e+003
1.500653e+003
1.500755e+003
1.500714e+003
1.500647e+003
1.500767e+003
1.500640e+003
1.500644e+003
1.500605e+003
1.500509e+003
1.500603e+003
1.500446e+003
1.500397e+003
1.500470e+003
1.500705e+003
1.500650e+003
1.500551e+003
1.500716e+003
1.500644e+003
1.500490e+003
1.500448e+003
1.500278e+003
1.500398e+003
1.500406e+003
1.500467e+003
1.500557e+003
1.500490e+003
1.500432e+003
1.500445e+003
1.500510e+003
1.500443e+003
1.500350e+003
1.500334e+003
1.500266e+003
1.500349e+003
1.500359e+003
1.500283e+003
1.500358e+003
1.500362e+003
1.500329e+003
1.500588e+003
1.500501e+003
1.500548e+003
1.500403e+003
1.500423e+003
1.500485e+003
1.500471e+003
1.500507e+003
1.500351e+003
1.500394e+003
1.500342e+003
1.500474e+003
1.500535e+003
1.500603e+003
1.500565e+003
1.500564e+003
1.500373e+003
1.500409e+003
1.500314e+003
1.500338e+003
1.500378e+003
1.500276e+003
1.500338e+003
1.500210e+003
1.500063e+003
1.500134e+003
1.500224e+003
1.500327e+003
1.500259e+003
1.500232e+003
1.500264e+003
1.500396e+003
1.500525e+003
1.500440e+003
1.500622e+003
1.500691e+003
1.500464e+003
1.500219e+003
1.500206e+003
1.500397e+003
1.500400e+003
1.500209e+003
1.500157e+003
1.500299e+003
1.500177e+003
1.500234e+003
1.500298e+003
1.500449e+003
1.500468e+003
1.500481e+003
1.500490e+003
1.500618e+003
1.500579e+003
1.500545e+003
1.500537e+003
1.500518e+003
1.500531e+003
1.500651e+003
1.500541e+003
1.500725e+003
1.500818e+003
1.500659e+003
1.500748e+003
1.500645e+003
1.500719e+003
1.500846e+003
1.500867e+003
1.500559e+003
1.500617e+003
1.500603e+003
1.500623e+003
1.500646e+003
1.500687e+003
1.500517e+003
1.500319e+003
1.500307e+003
1.500496e+003
1.500473e+003
1.500512e+003
1.500574e+003
1.500460e+003
1.500534e+003
1.500534e+003
1.500613e+003
1.500621e+003
1.500602e+003
1.500474e+003
1.500297e+003
1.500252e+003
1.500283e+003
1.500219e+003
1.500147e+003
1.500288e+003
1.500406e+003
1.500273e+003
1.500144e+003
1.500274e+003
1.500304e+003
1.500259e+003
1.500280e+003
1.500201e+003
1.500122e+003
1.500195e+003
1.500229e+003
1.500282e+003
1.500329e+003
1.500468e+003
1.500518e+003
1.500459e+003
1.500540e+003
1.500636e+003
1.500522e+003
1.500549e+003
1.500671e+003
1.500679e+003
1.500535e+003
1.500503e+003
1.500568e+003
1.500550e+003
1.500625e+003
1.500518e+003
1.500512e+003
1.500578e+003
1.500479e+003
1.500440e+003
1.500210e+003
1.500179e+003
1.500181e+003
1.500165e+003
1.500135e+003
1.500134e+003
1.499986e+003
1.499985e+003
1.500165e+003
1.500206e+003
1.500079e+003
1.499996e+003
1.499950e+003
1.500153e+003
1.500170e+003
1.500272e+003
1.500242e+003
1.500157e+003
1.500307e+003
1.500312e+003
1.500226e+003
1.500106e+003
